log R=   -8.0   -7.5   -7.0   -6.5   -6.0   -5.5   -5.0   -4.5   -4.0   -3.5   -3.0   -2.5   -2.0   -1.5   -1.0   -0.5    0.0    0.5    1.0    1.5
  log T
  3.764 -0.671 -0.795 -0.915 -1.097 -1.361 -1.464 -1.720 -1.844 -1.990 -2.044 -1.978  9.999  9.999  9.999  9.999  9.999  9.999  9.999  9.999  9.999
  3.843 -0.540 -0.537 -0.537 -0.547 -0.577 -0.624 -0.687 -0.772 -0.789 -0.798 -0.737 -0.645 -0.482 -0.325  9.999  9.999  9.999  9.999  9.999  9.999
  3.968 -0.525 -0.516 -0.497 -0.458 -0.376 -0.223  0.014  0.314  0.621  0.884  1.041  1.173  1.301  1.379  1.484  1.605  1.728  9.999  9.999  9.999
  4.065 -0.501 -0.499 -0.494 -0.482 -0.438 -0.327 -0.115  0.209  0.621  1.067  1.489  1.829  2.070  2.259  2.427  2.522  2.646  2.777  2.897  9.999
  4.162 -0.490 -0.484 -0.476 -0.459 -0.418 -0.325 -0.152  0.116  0.476  0.914  1.395  1.884  2.332  2.696  2.977  3.204  3.332  3.466  3.616  3.722
  4.241 -0.483 -0.475 -0.462 -0.441 -0.402 -0.322 -0.168  0.084  0.438  0.866  1.330  1.818  2.313  2.789  3.198  3.509  3.732  3.921  4.102  4.217
  4.366 -0.460 -0.455 -0.439 -0.410 -0.364 -0.291 -0.160  0.066  0.412  0.856  1.347  1.852  2.357  2.852  3.335  3.782  4.165  4.467  4.714  4.923
  4.463 -0.429 -0.420 -0.405 -0.374 -0.320 -0.234 -0.099  0.116  0.448  0.892  1.407  1.943  2.467  2.974  3.483  3.973  4.421  4.811  5.117  5.312
  4.542 -0.419 -0.409 -0.393 -0.360 -0.292 -0.172  0.000  0.237  0.572  1.007  1.512  2.042  2.571  3.094  3.615  4.121  4.586  4.983  5.288  5.545
  4.609 -0.418 -0.407 -0.389 -0.356 -0.291 -0.165  0.046  0.348  0.727  1.160  1.644  2.155  2.667  3.179  3.696  4.202  4.668  5.062  5.362  5.606
  4.667 -0.417 -0.407 -0.391 -0.361 -0.299 -0.178  0.032  0.352  0.769  1.248  1.747  2.242  2.729  3.219  3.720  4.207  4.665  5.050  5.348  5.596
  4.764 -0.418 -0.407 -0.391 -0.365 -0.314 -0.211 -0.023  0.283  0.696  1.174  1.683  2.200  2.703  3.180  3.649  4.104  4.517  4.872  5.168  9.999
  4.843 -0.418 -0.406 -0.388 -0.362 -0.315 -0.223 -0.053  0.229  0.616  1.074  1.568  2.076  2.586  3.078  3.549  3.994  4.393  4.742  5.035  9.999
  4.968 -0.387 -0.378 -0.363 -0.336 -0.287 -0.200 -0.050  0.198  0.552  0.988  1.466  1.969  2.470  2.962  3.447  3.906  4.302  4.627  9.999  9.999
  5.065 -0.342 -0.328 -0.308 -0.280 -0.232 -0.142  0.013  0.261  0.599  1.006  1.462  1.955  2.446  2.932  3.414  3.850  4.228  4.500  4.682  9.999
  5.162 -0.286 -0.255 -0.222 -0.180 -0.120 -0.016  0.150  0.398  0.720  1.092  1.516  1.993  2.461  2.917  3.337  3.712  4.031  4.269  4.438  9.999
  5.241 -0.297 -0.256 -0.209 -0.136 -0.045  0.077  0.253  0.509  0.816  1.167  1.565  2.007  2.441  2.848  3.209  3.526  3.809  4.031  4.199  9.999
  5.366 -0.398 -0.363 -0.311 -0.235 -0.126  0.021  0.219  0.487  0.802  1.145  1.526  1.931  2.308  2.647  2.929  3.177  3.419  3.647  3.843  9.999
  5.463 -0.448 -0.431 -0.403 -0.355 -0.276 -0.146  0.049  0.317  0.650  1.007  1.413  1.808  2.156  2.455  2.712  2.944  3.173  3.411  3.614  9.999
  5.542 -0.465 -0.457 -0.444 -0.417 -0.363 -0.266 -0.103  0.149  0.495  0.894  1.318  1.706  2.038  2.317  2.556  2.781  3.002  3.234  3.450  9.999
  5.667 -0.471 -0.468 -0.463 -0.452 -0.429 -0.382 -0.281 -0.071  0.280  0.723  1.172  1.568  1.885  2.137  2.354  2.566  2.786  3.017  3.249  9.999
  5.764 -0.474 -0.471 -0.467 -0.460 -0.444 -0.413 -0.346 -0.201  0.087  0.530  1.016  1.434  1.752  2.006  2.232  2.448  2.666  2.894  9.999  9.999
  5.843 -0.474 -0.472 -0.469 -0.462 -0.449 -0.424 -0.372 -0.258 -0.032  0.373  0.857  1.287  1.635  1.910  2.148  2.374  2.581  2.798  9.999  9.999
  5.968 -0.473 -0.471 -0.467 -0.461 -0.451 -0.430 -0.388 -0.298 -0.116  0.191  0.608  1.069  1.467  1.771  2.035  2.260  2.482  2.671  9.999  9.999
  6.065 -0.474 -0.469 -0.463 -0.455 -0.443 -0.424 -0.386 -0.308 -0.148  0.119  0.499  0.943  1.349  1.689  1.974  2.199  2.407  9.999  9.999  9.999
  6.162 -0.478 -0.475 -0.468 -0.455 -0.437 -0.410 -0.369 -0.298 -0.160  0.089  0.452  0.876  1.280  1.641  1.915  2.121  2.272  9.999  9.999  9.999
  6.241 -0.481 -0.479 -0.475 -0.466 -0.449 -0.417 -0.362 -0.278 -0.146  0.080  0.423  0.836  1.244  1.586  1.833  2.007  2.134  9.999  9.999  9.999
  6.366 -0.483 -0.482 -0.481 -0.478 -0.470 -0.451 -0.404 -0.302 -0.134  0.101  0.421  0.784  1.143  1.425  1.631  1.777  9.999  9.999  9.999  9.999
  6.463 -0.484 -0.483 -0.483 -0.481 -0.476 -0.465 -0.436 -0.364 -0.193  0.063  0.384  0.713  1.010  1.250  1.444  1.571  9.999  9.999  9.999  9.999
  6.542 -0.485 -0.484 -0.484 -0.483 -0.479 -0.471 -0.450 -0.396 -0.269 -0.030  0.282  0.600  0.880  1.087  1.263  1.415  9.999  9.999  9.999  9.999
  6.667 -0.486 -0.486 -0.486 -0.485 -0.483 -0.477 -0.464 -0.430 -0.350 -0.174  0.080  0.371  0.621  0.826  0.991  9.999  9.999  9.999  9.999  9.999
  6.764 -0.487 -0.487 -0.487 -0.486 -0.485 -0.481 -0.471 -0.448 -0.389 -0.264 -0.054  0.201  0.437  0.634  0.807  9.999  9.999  9.999  9.999  9.999
  6.843 -0.488 -0.488 -0.487 -0.487 -0.486 -0.483 -0.476 -0.458 -0.413 -0.316 -0.145  0.077  0.296  0.484  0.679  0.907  9.999  9.999  9.999  9.999
  6.968 -0.489 -0.489 -0.488 -0.488 -0.486 -0.483 -0.477 -0.464 -0.435 -0.370 -0.251 -0.083  0.104  0.308  0.513  9.999  9.999  9.999  9.999  9.999
  7.065 -0.490 -0.490 -0.490 -0.489 -0.488 -0.485 -0.477 -0.463 -0.438 -0.386 -0.291 -0.149  0.023  0.232  0.426  9.999  9.999  9.999  9.999  9.999
  7.162 -0.491 -0.491 -0.491 -0.491 -0.490 -0.487 -0.481 -0.467 -0.439 -0.388 -0.304 -0.178 -0.017  0.149  0.337  9.999  9.999  9.999  9.999  9.999
  7.241 -0.492 -0.492 -0.492 -0.492 -0.491 -0.489 -0.485 -0.473 -0.446 -0.395 -0.313 -0.199 -0.064  0.085  0.265  9.999  9.999  9.999  9.999  9.999
  7.366 -0.493 -0.493 -0.493 -0.493 -0.493 -0.492 -0.489 -0.482 -0.463 -0.425 -0.354 -0.252 -0.144 -0.013  9.999  9.999  9.999  9.999  9.999  9.999
  7.463 -0.500 -0.500 -0.500 -0.500 -0.500 -0.499 -0.497 -0.492 -0.479 -0.449 -0.393 -0.307 -0.213 -0.096  9.999  9.999  9.999  9.999  9.999  9.999
  7.542 -0.506 -0.506 -0.506 -0.506 -0.505 -0.505 -0.503 -0.500 -0.490 -0.466 -0.420 -0.353 -0.262 -0.150  9.999  9.999  9.999  9.999  9.999  9.999
  7.667 -0.515 -0.515 -0.515 -0.515 -0.514 -0.514 -0.513 -0.510 -0.504 -0.488 -0.457 -0.403 -0.323 -0.212 -0.041  9.999  9.999  9.999  9.999  9.999
  7.764 -0.526 -0.526 -0.526 -0.526 -0.526 -0.526 -0.525 -0.523 -0.517 -0.505 -0.479 -0.435 -0.369 -0.251 -0.095  9.999  9.999  9.999  9.999  9.999
  7.843 -0.535 -0.535 -0.535 -0.535 -0.535 -0.535 -0.534 -0.533 -0.528 -0.518 -0.496 -0.457 -0.392 -0.286 -0.145  9.999  9.999  9.999  9.999  9.999
  7.968 -0.556 -0.556 -0.556 -0.556 -0.556 -0.556 -0.555 -0.554 -0.551 -0.542 -0.525 -0.491 -0.434 -0.333 -0.219  9.999  9.999  9.999  9.999  9.999
  8.065 -0.575 -0.575 -0.575 -0.575 -0.575 -0.575 -0.575 -0.574 -0.571 -0.564 -0.549 -0.519 -0.465 -0.374 -0.290  9.999  9.999  9.999  9.999  9.999
  8.241 -0.619 -0.619 -0.619 -0.619 -0.619 -0.618 -0.618 -0.617 -0.615 -0.610 -0.598 -0.574 -0.525 -0.457 -0.408  9.999  9.999  9.999  9.999  9.999
  8.463 -0.694 -0.694 -0.694 -0.694 -0.694 -0.694 -0.693 -0.693 -0.691 -0.687 -0.678 -0.657 -0.618 -0.574 -0.539  9.999  9.999  9.999  9.999  9.999
  8.667 -0.782 -0.782 -0.782 -0.782 -0.782 -0.782 -0.782 -0.781 -0.780 -0.777 -0.768 -0.749 -0.718 -0.687 -0.650  9.999  9.999  9.999  9.999  9.999
  8.843 -0.870 -0.870 -0.870 -0.870 -0.870 -0.870 -0.870 -0.869 -0.868 -0.865 -0.856 -0.837 -0.809 -0.780 -0.747  9.999  9.999  9.999  9.999  9.999
  9.065 -0.998 -0.998 -0.998 -0.998 -0.998 -0.998 -0.998 -0.998 -0.996 -0.992 -0.981 -0.960 -0.934 -0.909 -0.891  9.999  9.999  9.999  9.999  9.999